966500000899
966500000877
966500000866
966500000855
966500000844
966500000833
966500000822
966500000811
966500000800
966500000799
966500000788
966500000766
966500000755
966500000744
966500000733
966500000722
966500000711
966500000700
966500000699
966500000688
966500000677
966500000666
966500000655
966500000644
966500000622
966500000611
966500000600
966500000599
966500000588
966500000577
966500000555
966500000544
966500000533
966500000522
966500000511
966500000499
966500000466
966500000455
966500000444
966500000433
966500000411
966500000400
966500000399
966500000388
966500000377
966500000366
966500000355
966500000333
966500000322
966500000311
966500000300
966500000299
966500000288
966500000277
966500000266
966500000233
966500000222
966500000211
966500000200
966500000199
966500000188
966500000177
966500000166
966500000144
966500000133
966500000111
966500000100
966500000099
966500000088
966500000077
966500000066
966500000044
966500000011

966500001788
966500001777
966500001766
966500001755
966500001744
966500001733
966500001722
966500001711
966500001688
966500001666
966500001655
966500001644
966500001633
966500001611
966500001599
966500001588
966500001577
966500001566
966500001555
966500001544
966500001533
966500001522
966500001511
966500001500
966500001499
966500001488
966500001477
966500001466
966500001455
966500001444
966500001433
966500001411
966500001400
966500001399
966500001388
966500001377
966500001366
966500001355
966500001344
966500001333
966500001322
966500001300
966500001299
966500001288
966500001277
966500001266
966500001233
966500001222
966500001211
966500001200
966500001199
966500001188
966500001177
966500001166
966500001155
966500001144
966500001122
966500001111
966500001100
966500001099
966500001088
966500001066
966500001044
966500001022
966500001000
966500000988
966500000966
966500000955
966500000944
966500000933
966500000922
966500000900

966500002677
966500002666
966500002644
966500002633
966500002622
966500002611
966500002600
966500002599
966500002588
966500002577
966500002566
966500002555
966500002544
966500002533
966500002511
966500002500
966500002488
966500002477
966500002466
966500002455
966500002444
966500002433
966500002411
966500002400
966500002399
966500002388
966500002366
966500002333
966500002322
966500002311
966500002300
966500002299
966500002288
966500002277
966500002255
966500002233
966500002222
966500002199
966500002177
966500002166
966500002155
966500002144
966500002133
966500002122
966500002111
966500002100
966500002099
966500002088
966500002066
966500002055
966500002044
966500002033
966500002022
966500002011
966500002000
966500001988
966500001977
966500001966
966500001955
966500001944
966500001933
966500001911
966500001900
966500001888
966500001877
966500001866
966500001855
966500001833
966500001822
966500001811
966500001800
966500001799

966500003555
966500003544
966500003533
966500003522
966500003511
966500003500
966500003499
966500003488
966500003477
966500003466
966500003455
966500003444
966500003433
966500003422
966500003411
966500003388
966500003377
966500003355
966500003344
966500003333
966500003322
966500003311
966500003300
966500003299
966500003288
966500003266
966500003255
966500003244
966500003233
966500003222
966500003211
966500003200
966500003199
966500003188
966500003177
966500003166
966500003155
966500003133
966500003122
966500003100
966500003088
966500003066
966500003055
966500003044
966500003033
966500003022
966500003011
966500003000
966500002999
966500002988
966500002977
966500002966
966500002955
966500002944
966500002933
966500002922
966500002900
966500002899
966500002888
966500002877
966500002866
966500002855
966500002844
966500002833
966500002822
966500002800
966500002799
966500002788
966500002777
966500002766
966500002744
966500002722
966500002711
966500002700
966500002699
966500002688

966500000899
966500000877
966500000866
966500000855
966500000844
966500000833
966500000822
966500000811
966500000800
966500000799
966500000788
966500000766
966500000755
966500000744
966500000733
966500000722
966500000711
966500000700
966500000699
966500000688
966500000677
966500000666
966500000655
966500000644
966500000622
966500000611
966500000600
966500000599
966500000588
966500000577
966500000555
966500000544
966500000533
966500000522
966500000511
966500000499
966500000466
966500000455
966500000444
966500000433
966500000411
966500000400
966500000399
966500000388
966500000377
966500000366
966500000355
966500000333
966500000322
966500000311
966500000300
966500000299
966500000288
966500000277
966500000266
966500000233
966500000222
966500000211
966500000200
966500000199
966500000188
966500000177
966500000166
966500000144
966500000133
966500000111
966500000100
966500000099
966500000088
966500000077
966500000066
966500000044
966500000011

966500001799
966500001788
966500001777
966500001766
966500001755
966500001744
966500001733
966500001722
966500001711
966500001688
966500001666
966500001655
966500001644
966500001633
966500001611
966500001599
966500001588
966500001577
966500001566
966500001555
966500001544
966500001533
966500001522
966500001511
966500001500
966500001499
966500001488
966500001477
966500001466
966500001455
966500001444
966500001433
966500001411
966500001400
966500001399
966500001388
966500001377
966500001366
966500001355
966500001344
966500001333
966500001322
966500001300
966500001299
966500001288
966500001277
966500001266
966500001233
966500001222
966500001211
966500001200
966500001199
966500001188
966500001177
966500001166
966500001155
966500001144
966500001122
966500001111
966500001100
966500001099
966500001088
966500001066
966500001044
966500001022
966500001000
966500000988
966500000966
966500000955
966500000944
966500000933
966500000922
966500000900

966500002699
966500002688
966500002677
966500002666
966500002644
966500002633
966500002622
966500002611
966500002600
966500002599
966500002588
966500002577
966500002566
966500002555
966500002544
966500002533
966500002511
966500002500
966500002488
966500002477
966500002466
966500002455
966500002444
966500002433
966500002411
966500002400
966500002399
966500002388
966500002366
966500002333
966500002322
966500002311
966500002300
966500002299
966500002288
966500002277
966500002255
966500002233
966500002222
966500002199
966500002177
966500002166
966500002155
966500002144
966500002133
966500002122
966500002111
966500002100
966500002099
966500002088
966500002066
966500002055
966500002044
966500002033
966500002022
966500002011
966500002000
966500001988
966500001977
966500001966
966500001955
966500001944
966500001933
966500001911
966500001900
966500001888
966500001877
966500001866
966500001855
966500001833
966500001822
966500001811
966500001800

966566021226
966500003555
966500003544
966500003533
966500003522
966500003511
966500003500
966500003499
966500003488
966500003477
966500003466
966500003455
966500003444
966500003433
966500003422
966500003411
966500003388
966500003377
966500003355
966500003344
966500003333
966500003322
966500003311
966500003300
966500003299
966500003288
966500003266
966500003255
966500003244
966500003233
966500003222
966500003211
966500003200
966500003199
966500003188
966500003177
966500003166
966500003155
966500003133
966500003122
966500003100
966500003088
966500003066
966500003055
966500003044
966500003033
966500003022
966500003011
966500003000
966500002999
966500002988
966500002977
966500002966
966500002955
966500002944
966500002933
966500002922
966500002900
966500002899
966500002888
966500002877
966500002866
966500002855
966500002844
966500002833
966500002822
966500002800
966500002799
966500002788
966500002777
966500002766
966500002744
966500002722
966500002711
966500002700

966500000899
966500000877
966500000866
966500000855
966500000844
966500000833
966500000822
966500000811
966500000800
966500000799
966500000788
966500000766
966500000755
966500000744
966500000733
966500000722
966500000711
966500000700
966500000699
966500000688
966500000677
966500000666
966500000655
966500000644
966500000622
966500000611
966500000600
966500000599
966500000588
966500000577
966500000555
966500000544
966500000533
966500000522
966500000511
966500000499
966500000466
966500000455
966500000444
966500000433
966500000411
966500000400
966500000399
966500000388
966500000377
966500000366
966500000355
966500000333
966500000322
966500000311
966500000300
966500000299
966500000288
966500000277
966500000266
966500000233
966500000222
966500000211
966500000200
966500000199
966500000188
966500000177
966500000166
966500000144
966500000133
966500000111
966500000100
966500000099
966500000088
966500000077
966500000066
966500000044
966500000011

966500001799
966500001788
966500001777
966500001766
966500001755
966500001744
966500001733
966500001722
966500001711
966500001688
966500001666
966500001655
966500001644
966500001633
966500001611
966500001599
966500001588
966500001577
966500001566
966500001555
966500001544
966500001533
966500001522
966500001511
966500001500
966500001499
966500001488
966500001477
966500001466
966500001455
966500001444
966500001433
966500001411
966500001400
966500001399
966500001388
966500001377
966500001366
966500001355
966500001344
966500001333
966500001322
966500001300
966500001299
966500001288
966500001277
966500001266
966500001233
966500001222
966500001211
966500001200
966500001199
966500001188
966500001177
966500001166
966500001155
966500001144
966500001122
966500001111
966500001100
966500001099
966500001088
966500001066
966500001044
966500001022
966500001000
966500000988
966500000966
966500000955
966500000944
966500000933
966500000922
966500000900

966500002699
966500002688
966500002677
966500002666
966500002644
966500002633
966500002622
966500002611
966500002600
966500002599
966500002588
966500002577
966500002566
966500002555
966500002544
966500002533
966500002511
966500002500
966500002488
966500002477
966500002466
966500002455
966500002444
966500002433
966500002411
966500002400
966500002399
966500002388
966500002366
966500002333
966500002322
966500002311
966500002300
966500002299
966500002288
966500002277
966500002255
966500002233
966500002222
966500002199
966500002177
966500002166
966500002155
966500002144
966500002133
966500002122
966500002111
966500002100
966500002099
966500002088
966500002066
966500002055
966500002044
966500002033
966500002022
966500002011
966500002000
966500001988
966500001977
966500001966
966500001955
966500001944
966500001933
966500001911
966500001900
966500001888
966500001877
966500001866
966500001855
966500001833
966500001822
966500001811
966500001800

966566021226
966500003555
966500003544
966500003533
966500003522
966500003511
966500003500
966500003499
966500003488
966500003477
966500003466
966500003455
966500003444
966500003433
966500003422
966500003411
966500003388
966500003377
966500003355
966500003344
966500003333
966500003322
966500003311
966500003300
966500003299
966500003288
966500003266
966500003255
966500003244
966500003233
966500003222
966500003211
966500003200
966500003199
966500003188
966500003177
966500003166
966500003155
966500003133
966500003122
966500003100
966500003088
966500003066
966500003055
966500003044
966500003033
966500003022
966500003011
966500003000
966500002999
966500002988
966500002977
966500002966
966500002955
966500002944
966500002933
966500002922
966500002900
966500002899
966500002888
966500002877
966500002866
966500002855
966500002844
966500002833
966500002822
966500002800
966500002799
966500002788
966500002777
966500002766
966500002744
966500002722
966500002711
966500002700

Login failed: UNAUTHORIZED

966566021226

